     0.000  4.9600  2.9300
     1.000  5.1400  3.0100
     2.000  5.4500  3.1400
     3.000  5.7600  3.3300
     4.000  6.0700  3.5200
     5.000  6.0825  3.5450
     6.000  6.0950  3.5700
     7.000  6.1075  3.5950
     8.000  6.1200  3.6200
     9.000  6.1350  3.6325
    10.000  6.1500  3.6450
    11.000  6.1650  3.6575
    12.000  6.1800  3.6700
    13.000  6.1950  3.6825
    14.000  6.2100  3.6950
    15.000  6.2250  3.7075
    16.000  6.2400  3.7200
    17.000  6.2950  3.7381
    18.000  6.3500  3.7563
    19.000  6.4050  3.7744
    20.000  6.4600  3.7925
    21.000  6.5150  3.8106
    22.000  6.5700  3.8288
    23.000  6.6250  3.8469
    24.000  6.6800  3.8650
    25.000  6.7350  3.8831
    26.000  6.7900  3.9013
    27.000  6.8450  3.9194
    28.000  6.9000  3.9375
    29.000  6.9550  3.9556
    30.000  7.0100  3.9738
    31.000  7.0650  3.9919
    32.000  7.1200  4.0100
    33.000  7.1201  4.0101
    34.000  7.1203  4.0103
    35.000  7.1204  4.0104
    36.000  7.1206  4.0106
    37.000  7.1207  4.0107
    38.000  7.1209  4.0109
    39.000  7.1210  4.0110
    40.000  7.1212  4.0112
    41.000  7.1213  4.0113
    42.000  7.1215  4.0115
    43.000  7.1216  4.0116
    44.000  7.1218  4.0118
    45.000  7.1219  4.0119
    46.000  7.1221  4.0121
    47.000  7.1222  4.0122
    48.000  7.1224  4.0124
    49.000  7.1225  4.0125
    50.000  7.1226  4.0126
    51.000  7.1228  4.0128
    52.000  7.1229  4.0129
    53.000  7.1231  4.0131
    54.000  7.1232  4.0132
    55.000  7.1234  4.0134
    56.000  7.1235  4.0135
    57.000  7.1237  4.0137
    58.000  7.1238  4.0138
    59.000  7.1240  4.0140
    60.000  7.1241  4.0141
    61.000  7.1243  4.0143
    62.000  7.1244  4.0144
    63.000  7.1246  4.0146
    64.000  7.1247  4.0147
    65.000  7.1249  4.0149
    66.000  7.1250  4.0150
    67.000  7.1251  4.0151
    68.000  7.1253  4.0153
    69.000  7.1254  4.0154
    70.000  7.1256  4.0156
    71.000  7.1257  4.0157
    72.000  7.1259  4.0159
    73.000  7.1260  4.0160
    74.000  7.1262  4.0162
    75.000  7.1263  4.0163
    76.000  7.1265  4.0165
    77.000  7.1266  4.0166
    78.000  7.1268  4.0168
    79.000  7.1269  4.0169
    80.000  7.1271  4.0171
    81.000  7.1272  4.0172
    82.000  7.1274  4.0174
    83.000  7.1275  4.0175
    84.000  7.1276  4.0176
    85.000  7.1278  4.0178
    86.000  7.1279  4.0179
    87.000  7.1281  4.0181
    88.000  7.1282  4.0182
    89.000  7.1284  4.0184
    90.000  7.1285  4.0185
    91.000  7.1287  4.0187
    92.000  7.1288  4.0188
    93.000  7.1290  4.0190
    94.000  7.1291  4.0191
    95.000  7.1293  4.0193
    96.000  7.1294  4.0194
    97.000  7.1296  4.0196
    98.000  7.1297  4.0197
    99.000  7.1299  4.0199
   100.000  7.1300  4.0200
